	Locus1_65.1	Locus1_65.2	Locus2_41.1	Locus2_41.2	Locus3_117.1	Locus3_117.2	Locus2_67.1	Locus2_67.2	Locus1_70.1	Locus1_70.2	Locus1_29.1	Locus1_29.2	Locus3_21.1	Locus3_21.2
7MaliBamako	176	176	163	163	164	164	171	174	122	126	116	116	123	123
9MaliBamako	176	176	163	163	164	164	171	174	126	126	116	116	163	163
11MaliBamako	170	176	163	169	164	164	174	174	126	126	116	116	163	163
75KGatamaiyu1	NA	NA	NA	NA	NA	NA	174	174	NA	NA	NA	NA	NA	NA
96KRift1	176	176	163	175	166	168	171	171	122	122	101	119	157	157
97KRift1	176	176	157	175	166	168	171	171	122	122	101	116	157	157
98KRift1	173	176	169	175	168	168	171	171	122	122	101	116	157	157
99KKitale2	170	173	163	163	162	166	165	171	115	122	116	119	157	169
100KKitale2	173	173	163	169	154	170	171	171	122	122	119	119	153	153
105GhaNkawkaw	176	176	163	169	164	164	NA	NA	126	126	116	116	157	163
106GhaNkawkaw	176	179	163	163	156	164	174	174	117	126	116	116	163	163
107GhaBibiani	170	176	163	163	164	176	174	174	126	126	116	116	157	163
108GhaBibiani	176	176	166	166	164	164	171	174	126	126	116	116	157	163
109GhaSagyimasse	NA	NA	163	163	164	164	174	174	126	126	116	116	123	157
110GhaSagyimasse	176	176	163	163	164	164	171	171	126	126	116	119	157	157
111BeTchaourou	176	176	163	163	164	164	171	174	126	126	116	119	157	163
112BeTchaourou	176	176	163	166	156	164	171	174	126	126	116	116	163	163
113BeTchaourou	176	176	166	169	164	164	171	171	126	126	116	116	163	163
114BeTchaourou	176	176	163	163	164	166	174	174	117	126	116	119	163	163
119GhaBobiri	176	176	166	166	164	176	171	174	126	126	116	116	163	163
120GhaNkawkaw	NA	NA	163	163	156	164	174	174	126	126	116	116	163	163
122ToDzogbegan	170	176	163	166	164	164	174	174	126	126	116	119	163	163
123BeAttogon	176	176	163	163	156	164	171	171	117	126	116	116	163	165
124BeAttogon	176	176	160	166	164	164	171	174	126	126	116	116	163	163
125BeAttogon	176	176	163	166	164	164	174	174	117	126	116	116	163	163
126BeAttogon	176	176	166	166	156	164	171	174	117	117	116	119	157	163
127BeAttogon	176	176	163	163	164	164	174	174	126	126	116	116	157	157
128BeAttogon	176	176	166	166	164	166	171	171	117	126	116	116	NA	NA
129BeAttogon	176	176	163	163	164	168	171	174	126	126	116	116	165	165
130KMKenya1	170	173	169	169	168	168	175	175	117	117	119	119	157	157
132KMKenya1	167	167	157	157	154	162	171	171	117	122	116	119	157	157
137KKitale1	173	173	160	169	162	164	174	174	117	122	128	128	163	163
138KKitale1	173	173	169	169	166	170	165	171	122	126	119	119	153	153
139KKitale2	173	173	157	157	182	186	174	174	122	126	119	119	157	157
140KKitale2	173	173	169	169	156	166	165	171	117	126	116	116	157	157
141ToDzogbegan	170	176	163	163	166	166	174	174	126	126	116	119	163	163
142ToDzogbegan	170	176	166	166	NA	NA	171	171	126	126	116	116	121	123
143ToDzogbegan	170	176	166	166	164	164	171	174	126	126	116	116	163	163
144ToDzogbegan	176	176	163	163	164	164	174	174	117	126	116	116	163	163
145ToDzogbegan	NA	NA	163	166	164	166	171	174	126	129	116	116	155	157
146ToDzogbegan	170	170	166	166	164	164	171	174	117	126	116	119	163	163
148ToDzogbegan	NA	NA	166	166	164	166	174	174	117	126	116	116	155	163
149ToDzogbegan	176	176	163	166	164	164	174	174	NA	NA	116	116	123	163
150ToDzogbegan	176	176	166	166	166	166	174	174	117	126	116	116	163	163
151ToDzogbegan	170	176	163	166	164	164	171	174	117	126	116	116	157	163
152ToDzogbegan	176	176	163	163	164	166	171	171	117	126	116	116	163	163
153ToDzogbegan	170	176	163	163	164	166	174	174	126	126	116	116	NA	NA
154GhaBibiani	170	176	163	163	164	176	171	174	126	126	116	116	163	163
155GhaBibiani	176	176	163	163	164	176	171	174	117	126	116	116	163	163
156GhaBibiani	176	176	163	163	174	176	174	174	126	126	116	119	163	163
157GhaNkawkaw	176	179	163	163	164	164	171	171	117	126	116	116	163	163
158GhaNkawkaw	176	176	163	163	164	164	174	174	126	126	116	116	157	157
159GhaNkawkaw	176	176	163	166	156	166	171	174	117	126	116	116	123	163
160GhaSagyimasse	176	176	163	166	164	164	174	174	117	126	116	119	163	163
161GhaSagyimasse	176	176	163	163	164	164	171	171	117	126	116	119	163	163
162GhaSagyimasse	176	176	163	163	164	166	171	174	126	126	116	116	163	163
163GhaSagyimasse	176	176	166	166	164	164	171	174	126	126	116	119	157	163
164KMombasa1	173	173	163	163	168	168	175	175	122	122	119	119	NA	NA
165KMombasa1	173	173	157	175	168	172	171	171	122	122	116	119	157	165
166KMombasa1	170	173	163	163	168	168	NA	NA	117	117	119	119	165	165
167KTaita1	170	173	163	175	154	174	174	174	117	122	101	119	162	162
168KTaita1	167	170	163	163	168	168	175	175	117	122	119	119	163	163
169KMKenya4	173	173	169	169	168	168	168	168	117	122	119	119	162	162
170KMKenya4	173	173	157	157	168	168	171	175	117	122	119	119	157	157
171KMKenya4	170	176	169	169	162	168	175	175	117	122	119	119	162	162
174KRift4	173	173	163	169	162	168	171	171	117	122	101	116	167	167
175KRift4	173	173	157	157	162	168	165	171	122	122	116	119	153	165
176KRift4	173	176	157	175	162	166	171	171	122	122	101	101	153	153
177KKakamega	173	173	163	163	160	164	171	174	115	122	119	125	169	169
184BeOuegbo	176	176	163	166	156	164	174	174	126	126	116	116	163	163
185BeOuegbo	176	176	163	163	164	166	174	174	126	126	116	116	157	163
186BeBirni	176	176	163	166	164	164	174	174	126	126	116	116	163	163
187BeBirni	176	176	163	163	164	164	174	174	117	126	116	116	163	163
189BeRboukounbe	176	176	163	163	164	164	174	174	126	126	116	119	157	162
190BeRboukounbe	176	176	163	163	164	164	171	174	126	129	116	119	157	157
191GhaRtamale	170	170	166	166	164	164	171	171	126	126	116	116	163	163
192KTaita1	170	173	169	169	154	168	171	171	117	117	101	119	167	167
193KTaita1	170	173	NA	NA	170	170	171	171	117	122	119	119	153	153
194KCherangani	173	173	157	157	164	186	171	174	122	126	119	119	167	167
195KCherangani	173	173	157	157	182	186	174	174	122	126	119	119	123	162
196GhaSagyimasse	176	176	163	163	156	166	171	174	126	126	116	116	163	163
198BeRboukounbe	176	176	166	169	164	176	171	174	126	126	116	116	NA	NA
199BeRboukounbe	167	176	163	163	164	164	171	174	117	126	116	116	123	123
200BeNgou	176	176	163	163	166	166	171	174	126	126	116	116	163	163
201BeKoarba	176	176	166	166	166	166	171	174	126	126	116	116	163	163
202GhaAbettifi	176	176	163	163	174	176	174	174	126	126	116	119	163	163
203GhaAbettifi	170	176	163	163	164	164	174	174	126	126	116	119	121	123
204BeTchaourou	176	176	163	163	164	166	171	174	126	126	116	116	163	163
205BeTchaourou	167	176	166	166	158	166	174	174	126	126	116	116	163	163
214KEldoret1	173	173	157	157	166	166	171	174	115	122	116	119	161	161
215KTaita1	170	173	NA	NA	154	164	171	171	116	122	119	119	167	167
216KKitui2	173	173	157	157	168	168	168	171	122	122	119	119	153	153
218BeOuegbo	176	176	163	166	164	164	174	174	NA	NA	116	116	157	163
219BeRboukounbe	176	176	163	163	164	164	174	174	126	126	116	116	157	157
222GhaSagyimasse	176	176	163	163	166	166	171	174	126	126	116	116	163	163
223GhaSagyimasse	176	176	163	163	164	164	171	174	126	126	116	116	157	157
224BeTchaourou	NA	NA	163	166	NA	NA	171	174	126	126	116	116	163	163
225BeTchaourou	176	176	163	169	166	166	165	174	126	126	116	116	157	157
227GhaBibiani	NA	NA	166	166	164	176	171	174	110	126	116	116	163	163
229GhaBibiani	176	176	163	166	164	176	171	174	126	126	116	116	163	163
230GhaNkawkaw	176	176	163	163	164	166	165	174	126	126	116	116	NA	NA
231BeTchaourou	176	176	163	169	164	164	165	174	117	126	116	116	123	157
232GhaSagyimasse	176	179	163	169	164	164	165	171	126	126	116	116	157	157
233GhaSagyimasse	170	176	163	166	164	164	174	174	117	117	116	116	163	163
234GhaSagyimasse	176	176	163	166	164	164	171	174	117	126	116	116	157	157
238GhaAbettifi	176	176	163	163	164	164	174	174	117	126	116	116	163	163
239BeAttogon	176	182	163	169	164	168	174	174	126	126	116	116	163	163
240BeAttogon	176	176	166	169	164	164	174	174	126	126	116	116	157	165
241BeAttogon	176	179	163	166	164	164	171	174	126	126	116	116	165	165
242BeOuegbo	176	176	160	166	156	164	174	174	117	126	116	116	163	163
245BeBirni	176	176	163	163	NA	NA	174	174	117	126	116	116	163	163
246BeBirni	176	176	163	163	164	164	174	174	117	126	116	116	163	163
247BeRboukounbe	176	176	163	169	164	164	174	174	126	126	116	116	163	163
248BeRboukounbe	176	176	163	163	164	164	174	174	126	126	116	116	157	163
249BeRboukounbe	167	176	163	166	164	164	171	174	126	126	116	116	163	163
250BeRboukounbe	176	176	163	169	164	176	171	174	126	126	116	116	163	163
251BeRboukounbe	176	176	163	163	164	164	171	171	126	126	116	116	157	157
256BeOuegbo	176	176	163	163	NA	NA	174	174	NA	NA	116	116	163	163
258BeRBoukounbe	170	176	169	169	164	164	174	174	126	126	116	116	163	163
259BeRBoukounbe	176	176	163	169	164	164	171	174	117	126	116	116	163	163
261GhaAbettifi	176	176	163	163	164	164	171	174	126	126	116	116	163	163
266CamNkometou	173	179	160	160	164	168	165	168	117	117	116	116	162	167
269CamNkometou	167	173	169	169	158	168	171	174	117	122	101	101	162	162
272CamNkometou	173	173	169	169	158	166	171	174	117	122	119	119	153	153
277CamNkometou	173	173	NA	NA	166	170	171	171	117	122	116	119	NA	NA
281CamNkometou	170	173	163	163	164	166	171	174	117	117	101	119	162	162
283CamNKometou	173	173	NA	NA	164	166	165	165	116	116	119	119	NA	NA
285KHomaBay	173	173	157	157	154	166	171	171	116	117	101	119	123	123
286KHomaBay	173	176	169	169	154	166	165	171	NA	NA	116	119	157	157
287KHomaBay	173	176	163	169	166	180	165	165	122	122	116	119	153	169
288KHomaBay	173	176	157	169	168	168	171	174	117	122	116	119	157	157
289KHomaBay	173	176	169	169	168	172	171	171	117	122	101	119	153	153
290KKisii1	164	173	157	169	154	168	171	171	117	117	101	119	157	157
291KKisii1	176	176	169	169	160	166	171	171	122	122	116	119	162	185
292KKisii1	170	173	169	169	162	186	171	171	117	122	116	116	162	183
293KKisii2	176	179	169	169	164	166	165	168	117	122	101	116	162	183
294KKisii2	164	170	169	169	164	164	165	171	117	122	116	119	167	177
295KKisii1	173	182	169	169	166	168	171	171	117	117	125	125	161	165
297KLoitokitok1	173	176	157	157	160	164	171	171	117	122	119	119	123	165
298KLoitokitok1	173	173	169	169	162	168	171	171	116	122	119	119	153	165
299KLoitokitok2	173	173	169	169	168	168	171	171	116	116	119	119	167	167
300KLoitokitok2	173	173	NA	NA	168	168	174	174	122	122	101	119	157	167
301KLoitokitok2	173	176	NA	NA	164	168	165	171	116	122	119	119	153	162
302KLoitokitok2	170	173	NA	NA	164	172	168	171	116	117	119	119	167	167
303KLoitokitok2	173	173	169	169	168	174	171	174	116	117	119	119	167	167
304KMachakos2	170	170	169	169	168	168	171	171	122	122	119	119	165	165
305KMachakos2	173	173	163	163	162	168	168	171	122	122	119	119	153	157
306KMachakos2	173	173	169	169	168	168	171	174	122	122	119	119	162	162
307KMachakos2	170	170	169	169	168	168	168	168	122	122	119	119	153	162
308KMachakos2	170	170	163	163	162	168	171	175	116	122	119	119	153	157
309KMeru1	167	173	169	169	168	168	171	171	116	122	119	119	157	162
310KMeru1	173	173	163	163	162	168	171	171	116	122	101	119	165	165
311KMeru1	170	173	163	163	162	164	171	174	115	122	116	116	153	157
312KMeru1	173	173	169	169	168	170	171	171	116	116	101	119	165	165
313KMeru2	173	176	169	169	162	168	171	171	116	116	119	119	157	157
314KMeru2	173	173	169	169	168	168	171	171	116	116	119	119	167	167
315KMeru2	170	173	169	169	162	174	171	174	117	117	101	101	153	153
316KMeru2	NA	NA	157	169	160	168	171	171	117	122	116	119	165	165
317KMeru2	173	173	157	169	168	168	171	174	116	116	119	119	165	165
318KMolo	173	176	163	169	166	170	174	174	117	117	101	116	167	169
319KMolo	173	173	169	169	162	172	171	171	117	122	116	119	162	165
320KMolo	170	173	169	169	162	166	174	174	115	117	116	116	157	157
321KMolo	173	176	157	169	166	168	171	171	122	122	119	119	165	165
322KMolo	176	176	157	175	164	168	174	174	117	122	116	119	157	157
323KMombasa2	170	170	157	169	164	164	171	175	122	122	116	119	162	162
324KMombasa2	170	170	157	169	164	164	NA	NA	NA	NA	116	116	162	165
325KNarok2	NA	NA	157	157	NA	NA	NA	NA	NA	NA	116	125	165	165
327KMKenya2	170	173	169	169	162	170	168	168	116	122	119	119	NA	NA
328KMKenya2	NA	NA	NA	NA	162	164	171	171	122	122	119	119	157	157
330KNarok1	173	173	NA	NA	168	168	NA	NA	NA	NA	119	119	123	157
331KNarok1	173	173	157	169	166	166	165	165	117	117	101	119	173	173
332KNarok1	173	173	157	169	166	166	171	174	117	122	116	119	157	173
333KNarok2	170	173	157	169	162	172	174	174	122	122	125	125	157	162
334KNarok2	173	176	169	169	162	166	171	171	116	117	119	119	157	157
335KNarok2	173	176	157	157	166	168	171	171	116	122	101	116	123	123
336KNarok2	167	176	169	169	166	166	171	171	117	117	119	119	157	157
337KNyahururu	173	173	169	175	162	168	168	171	117	117	119	119	157	167
338KNyahururu	173	176	157	157	168	168	171	171	116	122	116	116	NA	NA
339KNyahururu	173	176	157	157	162	168	171	171	122	122	101	116	153	157
340KNyahururu	173	176	157	157	160	168	171	171	122	122	101	119	157	157
341KNyahururu	173	176	169	175	162	168	171	171	122	122	119	119	157	157
342KNyembeni	173	173	169	169	164	168	174	174	116	122	119	119	157	157
343KNyembeni	173	173	169	169	162	168	171	171	122	122	119	119	153	157
344KNyembeni	173	173	169	169	162	168	171	171	117	122	119	119	153	157
345KNyembeni	170	173	169	169	168	168	171	171	116	117	101	119	157	157
346KNyembeni	173	173	169	169	162	162	171	175	117	122	119	119	153	153
348KRift2	173	176	169	175	166	180	171	171	122	122	116	119	165	165
349KRift2	173	173	157	163	168	180	171	171	NA	NA	116	119	183	183
350KRift2	173	173	157	157	168	168	171	175	117	122	119	119	153	153
352KRift5	170	173	157	157	166	166	171	171	122	122	116	119	157	183
353KRift5	176	176	157	157	162	172	171	171	122	122	101	101	NA	NA
354KRift5	170	173	157	157	166	176	172	172	117	122	119	119	159	162
355KRift5	170	173	157	157	164	168	171	171	115	122	119	119	NA	NA
356KRift5	173	176	157	157	166	168	171	171	122	122	116	116	157	157
357KTaita2	173	173	157	157	164	168	171	171	117	122	119	119	165	165
358KTaita2	170	173	169	169	168	170	165	165	117	117	119	119	165	167
359KTaita2	170	173	157	157	168	170	165	165	116	116	119	119	162	162
360KHomaBay	173	173	169	175	166	168	165	165	117	117	116	116	183	185
361KHomaBay	173	173	157	157	154	168	171	171	NA	NA	119	119	173	173
362KHomaBay	164	173	169	169	168	168	171	171	117	117	101	119	157	157
363KHomaBay	173	176	169	169	166	168	165	165	117	117	101	116	153	153
364KHomaBay	173	173	169	175	154	166	171	171	117	117	116	119	153	153
365KKisii1	170	176	169	175	168	168	171	171	122	122	119	119	157	157
366KLoitokitok2	167	173	157	169	166	168	175	175	122	122	101	119	165	165
367KLoitokitok2	170	173	169	169	164	168	171	171	116	117	101	119	162	162
368KLoitokitok2	173	176	169	169	166	172	165	165	116	122	119	119	167	167
370KLoitokitok2	170	170	169	169	164	168	168	168	117	126	119	119	167	167
371KMachakos2	164	173	NA	NA	168	168	168	171	117	122	119	119	162	162
372KMachakos2	170	173	169	169	168	168	168	171	122	126	119	119	162	162
373KMachakos2	173	173	169	175	162	162	175	175	122	126	119	119	165	165
374KMachakos2	173	173	169	169	168	168	175	175	122	122	NA	NA	162	162
375KMachakos2	167	173	166	166	168	168	175	175	117	126	119	119	153	165
376KMeru2	170	170	169	169	168	168	171	171	117	126	119	119	157	157
377KMKenya2	167	173	169	169	162	168	168	171	116	117	119	119	157	157
378KMKenya2	173	176	157	157	164	168	165	171	122	122	119	119	153	165
379KMKenya2	NA	NA	157	157	162	162	168	168	117	122	101	119	165	165
380KMKenya2	173	173	157	169	168	168	171	171	122	122	119	119	153	157
381KMKenya2	167	173	169	169	160	168	168	168	122	126	119	119	NA	NA
382KNarok2	NA	NA	163	163	162	180	NA	NA	NA	NA	116	119	NA	NA
383KNarok2	173	179	169	169	156	166	175	175	NA	NA	116	119	165	165
384KNyahururu	170	173	169	169	168	168	168	171	126	126	116	116	123	157
385KNyahururu	173	173	157	157	162	168	171	171	117	122	119	119	153	153
386KNyahururu	173	173	157	169	168	170	171	171	116	122	119	119	157	157
387KNyahururu	170	173	157	169	164	168	171	171	122	122	125	125	157	167
388KNyembeni	170	173	157	157	168	168	165	175	116	117	119	119	165	165
389KGatamaiyu1	170	173	169	169	162	168	175	175	116	122	119	119	157	157
390KGatamaiyu1	173	173	169	169	162	168	168	171	116	126	119	119	165	165
391KGatamaiyu1	167	173	169	169	162	168	168	175	122	126	NA	NA	162	165
392KGatamaiyu1	170	173	169	169	168	168	175	175	122	122	119	119	165	165
393KGatamaiyu1	170	173	169	169	168	168	174	174	117	122	101	119	123	165
394KGatamaiyu1	173	173	157	175	172	180	171	171	122	122	116	116	157	157
395KGatamaiyu1	NA	NA	157	175	NA	NA	NA	NA	NA	NA	NA	NA	157	157
396KGatamaiyu1	170	173	169	169	160	168	171	171	116	117	101	119	157	157
397KGatamaiyu1	173	173	157	157	162	162	168	171	116	116	119	119	159	162
398KGatamaiyu1	173	173	169	169	164	168	175	175	122	122	119	119	153	157
399KGatamaiyu1	173	173	169	169	160	170	175	175	117	122	119	119	157	157
400KHomabay	173	176	169	175	166	166	165	165	126	126	116	116	185	185
401KKisumu1	173	173	157	157	154	162	171	171	117	117	101	119	NA	NA
402KKisumu1	173	176	169	175	160	166	171	171	115	117	119	119	157	157
403KKisumu1	173	173	175	175	NA	NA	NA	NA	NA	NA	NA	NA	157	157
404KKisumu1	173	173	157	157	160	162	174	174	122	122	119	119	167	167
405KEldoret1	173	173	157	163	162	166	171	174	115	117	119	119	167	167
406KKisumu1	167	170	157	157	166	180	172	172	117	122	116	119	157	157
407KKisumu2	173	173	163	175	168	176	171	171	122	122	116	116	157	157
408KKisumu2	173	176	175	175	162	168	175	175	117	117	101	119	153	169
409KKisumu2	173	176	157	157	164	168	165	171	122	122	125	125	167	167
411KKisumu2	173	173	157	157	166	168	165	171	122	122	101	125	167	167
413KKisumu2	173	173	157	157	168	180	171	171	122	126	119	119	NA	NA
414KKisumu2	173	176	157	157	166	168	165	171	122	126	119	119	NA	NA
415KKisumu2	167	173	160	169	164	170	168	175	122	126	119	119	159	159
417KKakamega	170	176	157	175	162	168	175	175	122	126	116	116	NA	NA
419KKakamega	173	173	157	157	160	170	171	171	122	126	116	116	157	162
422KKakamega	173	173	169	169	162	162	171	174	115	122	119	119	153	169
423KEldoret1	173	173	163	169	166	166	171	174	115	122	116	119	157	162
424KEldoret1	170	173	163	163	166	174	171	171	122	122	116	119	167	167
427KEldoret1	173	173	169	169	158	164	165	165	115	115	101	101	169	169
428KEldoret1	170	170	NA	NA	154	164	165	165	122	126	119	119	157	169
429KEldoret1	170	176	169	169	162	166	165	171	115	122	116	125	169	169
430KEldoret1	167	170	169	169	158	164	165	171	117	122	101	101	162	162
431KKisumu4	173	176	169	169	166	166	165	171	122	122	116	116	123	169
432KKisumu4	173	176	169	169	168	170	171	174	115	115	101	125	NA	NA
433KKisumu4	170	179	163	163	152	164	174	174	NA	NA	101	101	123	162
434KKisumu4	170	176	169	169	170	188	165	171	122	122	101	119	153	157
435KKisumu4	170	173	157	157	162	170	171	174	117	117	119	119	157	162
437KKisumu4	173	179	163	163	164	166	174	174	115	115	116	119	NA	NA
438KKisumu4	173	179	169	169	152	166	174	174	117	122	101	116	177	179
439KKitale1	170	170	163	163	164	180	165	174	122	122	101	125	167	167
440KKitale1	173	173	163	163	168	170	171	174	116	116	119	119	153	165
441KKitale1	173	176	169	169	162	164	171	174	117	117	116	116	165	179
442KKitale1	173	173	169	169	166	170	165	171	122	122	119	119	153	153
443KKitale2	173	173	157	157	164	166	175	175	115	117	125	125	153	169
444KKitale2	173	173	NA	NA	NA	NA	165	171	122	122	119	119	169	169
445KKitale2	173	176	157	163	166	168	171	171	122	126	116	116	153	157
446KKitale2	170	173	157	169	162	170	171	171	115	126	116	119	169	169
447KKitui2	173	173	169	169	168	168	171	171	122	122	119	119	157	157
448KKitui2	170	173	160	160	168	168	171	171	116	122	119	119	162	162
508KKakamega	173	176	169	169	154	164	171	171	122	126	119	119	157	157
520KKakamega	173	173	160	160	156	162	168	168	117	122	116	119	162	162
521KKakamega	167	173	169	169	166	168	NA	NA	NA	NA	116	116	159	159
539KKakamega	170	173	163	169	158	170	165	171	117	117	101	119	173	173
550KKisumu4	NA	NA	169	169	152	166	165	165	117	122	101	116	177	179
551KKisumu4	170	173	169	169	NA	NA	165	165	117	122	101	116	123	157
552KKisumu4	173	179	163	169	152	166	174	174	117	122	116	119	177	179
553KKisumu4	170	173	169	169	164	164	165	165	115	115	116	119	179	179
554KKisumu4	170	173	169	169	164	164	174	174	126	126	101	116	179	179
555KKisumu4	173	179	163	169	164	164	165	174	NA	NA	101	116	179	179
556KKisumu4	170	173	163	169	164	164	165	174	126	126	101	116	163	179
557KMombasa1	173	173	169	169	164	168	175	175	117	122	119	119	167	167
558KMombasa1	173	173	169	169	168	168	171	175	116	117	119	119	153	157
559KMombasa1	167	173	169	169	168	168	171	171	122	126	119	119	157	157
560KMombasa1	173	173	169	169	162	162	175	175	122	126	119	119	153	157
562KKitale1	170	173	169	169	162	166	165	171	126	126	119	119	155	155
563KKitale1	173	173	169	169	162	166	165	174	126	126	119	119	167	167
564KKitale1	173	173	157	157	166	168	171	171	117	122	119	119	157	157
565KKitale2	173	173	157	163	162	162	171	171	122	122	119	119	123	167
566KKitale2	173	173	169	169	182	186	171	174	122	126	119	119	157	157
567KKitale2	173	173	169	169	154	166	165	171	122	122	116	119	157	157
568KKitale2	173	173	169	169	164	164	174	177	NA	NA	119	125	157	157
569KKitale2	173	173	163	163	170	170	165	171	126	126	119	119	153	153
570KKitale2	170	170	163	169	168	170	165	174	122	126	101	125	167	167
571KKitale2	173	176	163	163	154	162	171	171	122	126	125	125	153	167
573KKitale2	173	176	163	163	176	186	171	174	115	122	119	119	153	153
574KEldoret1	173	173	157	169	154	164	165	171	117	122	119	119	165	165
575KGatamaiyu1	173	173	NA	NA	168	168	171	175	117	122	119	119	123	123
576KGatamaiyu2	170	173	169	169	168	168	171	171	117	117	101	119	157	165
577KGatamaiyu2	173	176	157	169	168	168	165	171	117	122	101	119	NA	NA
580KGatamaiyu1	173	173	169	169	166	168	175	175	116	122	104	119	162	162
581KKitale1	173	173	163	169	NA	NA	165	171	NA	NA	101	116	157	157
583KKitui2	173	173	169	169	168	170	168	168	116	116	119	119	153	165
584KKitui2	173	173	169	169	168	174	175	175	122	122	119	119	157	157
592KKerio	170	173	163	169	164	170	171	171	117	122	116	119	153	153
599KKitui2	173	173	169	169	NA	NA	171	171	NA	NA	119	119	162	162
600KLoitokitok2	173	176	169	169	156	160	165	165	122	126	125	125	157	162
603KKisii1	170	173	169	169	162	174	175	175	NA	NA	101	119	162	162
604KKitui2	170	173	169	169	NA	NA	175	175	NA	NA	119	119	157	157
606KKitui1	170	173	169	169	168	168	171	171	116	116	119	119	153	153
607KKitui2	173	176	169	169	162	168	171	171	NA	NA	101	101	153	153
608KLoitokitok2	170	173	169	169	168	168	174	174	NA	NA	NA	NA	162	162
614KMKenya1	173	173	169	169	164	168	175	175	NA	NA	119	119	157	157
616KMKenya1	173	173	NA	NA	164	168	175	175	122	126	119	119	157	157
617KMKenya1	173	173	NA	NA	164	164	175	175	NA	NA	119	119	157	157
620KMKenya1	170	173	169	169	168	168	168	168	122	126	119	119	157	157
621KMKenya1	167	167	169	169	168	168	168	168	NA	NA	119	119	NA	NA
627KKakamega	170	173	157	157	160	162	171	174	116	117	101	101	163	163
650KKakamega	173	176	163	169	154	154	171	171	117	117	101	119	163	167
651KKakamega	173	173	NA	NA	168	168	165	174	117	122	NA	NA	NA	NA
654CamMvoutessi	167	173	163	169	168	176	171	174	117	117	119	119	153	153
655CamNKometou	173	173	163	163	170	174	171	174	126	126	119	119	153	162
656CamMvoutessi	170	173	169	169	164	166	171	171	122	122	NA	NA	162	165
657CamNKometou	NA	NA	169	169	166	174	171	174	126	126	101	101	153	159
658CamNKometou	173	173	163	163	158	168	165	165	117	126	119	119	162	162
659CamNKometou	NA	NA	169	169	168	168	165	165	126	126	119	119	162	162
660CamNKometou	NA	NA	163	163	166	174	165	171	126	126	NA	NA	153	153
661CamMvoutessi	173	173	163	163	166	170	171	171	116	117	119	119	163	163
662CamAkometam	164	173	163	163	166	166	165	174	116	122	119	119	163	163
663CamAkometam	167	173	NA	NA	166	170	165	174	117	122	NA	NA	162	162
664CamNKometou	170	173	169	169	158	166	171	174	NA	NA	NA	NA	157	162
665CamNKometou	173	176	169	169	166	174	174	174	NA	NA	NA	NA	162	162
666CamAkometam	170	173	NA	NA	166	176	165	165	116	122	119	119	163	163
667MalDedza	170	173	175	175	148	168	165	171	122	122	119	119	162	162
668MalBlantyre	170	173	169	169	172	176	171	174	117	122	101	116	NA	NA
669MalBlantyre	170	173	169	169	168	168	174	174	116	122	116	119	163	163
670MalBlantyre	167	173	169	169	166	168	171	171	116	116	101	101	159	159
671MozCatandica	173	176	169	169	166	168	165	174	117	122	119	119	163	163
672MozSussunDenga	167	173	169	169	NA	NA	165	165	117	117	NA	NA	162	162
673MozSussunDenga	164	173	175	175	156	156	NA	NA	NA	NA	NA	NA	163	163
674MozCatandica	173	173	163	169	156	170	165	165	122	122	NA	NA	163	163
676TanzSoni	170	170	NA	NA	154	168	171	171	116	116	119	119	167	167
677TanzMakambako	170	173	NA	NA	168	168	171	171	116	116	119	119	153	153
678ZamKapiriMposhi	167	173	169	169	164	168	168	171	116	117	NA	NA	153	165
679ZamKafue	170	173	169	169	168	170	171	174	116	116	119	119	167	167
680ZamLivingstone	173	173	169	169	156	168	165	168	116	122	101	101	NA	NA
681ZamIsoka	173	176	169	169	164	168	165	171	122	122	101	101	153	153
682ZamKalomo	173	173	169	169	164	168	165	174	122	122	119	119	162	167
683ZamMpika	173	173	169	169	164	168	165	168	110	126	119	119	162	162
684ZamChingola	173	173	160	160	168	168	174	174	126	126	101	116	153	153
685ZamSolwesi	173	176	169	175	164	168	165	174	NA	NA	116	119	165	167
686ZamSerenje	173	173	172	175	166	166	NA	NA	116	116	101	101	163	163
687ZimOdzi	173	173	169	169	162	168	165	174	116	117	119	119	163	163
688ZimGweru	167	167	NA	NA	154	168	165	165	116	117	119	119	163	163
690ZimNyazura	173	176	169	169	166	170	165	174	116	116	119	119	163	163
691MalDedza	167	173	NA	NA	156	168	171	171	NA	NA	101	101	162	162
692MalBlantyre	167	170	169	169	166	166	171	171	117	122	101	101	163	163
693MalBlantyre	167	173	169	169	168	168	171	174	122	122	119	119	163	163
694MalBlantyre	173	173	NA	NA	164	168	165	171	122	126	NA	NA	153	167
695MozCatandica	167	176	NA	NA	160	160	165	174	116	117	101	119	163	163
696MozSussunDenga	NA	NA	NA	NA	162	164	NA	NA	NA	NA	NA	NA	NA	NA
697MozSussunDenga	173	173	NA	NA	168	168	165	165	116	116	119	119	153	153
698MozCatandica	173	173	169	169	168	170	165	174	116	116	119	119	NA	NA
700TanzSoni	170	173	NA	NA	154	174	171	171	117	117	101	119	153	153
701TanzMakambako	170	173	175	175	168	168	174	174	122	122	101	101	163	163
702ZamKapiriMposhi	173	176	169	169	168	174	165	174	122	122	101	101	162	162
703ZamKafue	170	176	169	169	162	166	171	174	122	122	NA	NA	153	153
704ZamLivingstone	173	173	169	169	156	170	165	171	117	122	NA	NA	163	163
705ZamIsoka	173	176	NA	NA	168	174	171	171	117	117	119	119	123	123
708ZamMpika	170	173	169	169	164	166	165	168	126	126	119	119	162	162
709ZamChingola	167	173	169	169	164	164	165	171	NA	NA	NA	NA	162	162
710ZamSolwesi	173	176	169	169	168	168	165	168	116	116	119	119	153	163
711ZamSerenje	170	173	169	169	168	170	NA	NA	116	116	101	101	NA	NA
712ZimOdzi	173	173	169	169	154	168	174	174	116	117	119	119	163	163
713ZimGweru	167	170	169	169	150	174	165	168	116	116	119	119	163	163
715ZimNyazura	167	167	169	169	168	168	165	174	116	116	119	119	162	173
716OugKabale	167	173	NA	NA	154	162	168	171	122	122	101	119	167	167
717OugKabale	NA	NA	163	166	NA	NA	NA	NA	NA	NA	119	119	NA	NA
718OugKabale	167	173	169	169	154	176	165	165	116	122	119	119	167	167
719OugFortPortal	170	170	169	169	164	170	171	171	122	122	NA	NA	157	157
720OugFortPortal	NA	NA	169	169	162	166	171	171	122	122	101	101	157	157
721OugFortPortal	173	176	169	169	162	166	171	171	117	122	NA	NA	157	157
722RwButare	176	176	NA	NA	154	174	168	168	122	122	NA	NA	167	167
723RwButare	173	173	NA	NA	162	168	168	168	117	122	119	119	167	167
725OugKabale	176	176	NA	NA	154	170	168	168	NA	NA	119	119	153	153
726OugKabale	176	176	169	169	160	162	174	174	NA	NA	119	119	NA	NA
727OugKabale	NA	NA	NA	NA	160	168	174	174	NA	NA	119	119	NA	NA
728OugKabale	176	179	169	169	154	162	171	171	NA	NA	101	101	123	123
729OugKabale	167	176	166	166	154	166	168	168	126	126	119	119	162	162
731OugFortPortal	173	173	169	169	162	166	171	174	117	126	116	116	153	157
732OugFortPortal	173	176	169	169	154	164	171	171	117	126	119	119	162	162
735OugFortPortal	173	176	160	163	164	168	NA	NA	126	126	NA	NA	157	173
736OugFortPortal	170	173	169	169	154	164	174	174	126	126	119	119	162	162
738RwButare	173	176	169	169	164	168	171	171	126	126	119	119	163	165
741RwButare	164	176	169	169	154	170	171	171	126	126	119	119	NA	NA
743RwButare	176	176	169	169	NA	NA	165	168	126	126	101	101	162	162
746BurkFarakoba	176	176	163	166	156	168	171	171	117	126	116	116	157	157
747BurkFarakoba	170	176	166	166	164	164	174	174	110	126	116	116	163	163
748BurkFarakoba	176	176	163	163	NA	NA	171	174	117	117	116	116	163	163
749BurkFarakoba	176	176	163	163	164	168	171	171	126	126	119	119	163	163
750BurkFarakoba	170	170	166	166	156	164	174	174	117	126	116	119	163	165
751BurkFarakoba	176	176	163	163	164	164	171	174	126	126	116	116	157	157
752BurkFarakoba	176	176	163	163	166	166	171	171	110	126	116	116	157	157
753BurkFarakoba	176	176	163	163	164	166	174	174	110	126	116	116	163	163
754BurkFarakoba	170	176	163	166	156	164	171	174	126	126	119	119	157	163
756BeSave	176	179	163	163	164	166	174	174	126	126	116	116	155	163
757BeSave	176	176	163	166	164	164	171	174	126	126	116	116	163	163
758BeSave	176	179	163	163	164	166	174	174	117	126	116	116	163	163
759BeSave	176	176	163	166	164	164	165	171	126	126	116	116	163	163
760BeSave	176	176	163	166	164	164	174	174	117	126	116	116	163	163
761BeSave	176	179	163	166	164	164	171	174	126	126	116	116	163	163
762BeSave	176	176	163	166	164	164	171	174	117	126	116	116	163	163
763BeSave	176	176	163	163	158	164	171	174	110	126	116	116	163	163
764BeSave	176	176	157	163	164	164	171	174	117	126	116	116	123	157
765BurkFarakoba	176	176	169	169	164	168	174	174	110	126	116	119	163	163
775TanzSoni	170	170	169	169	154	166	171	171	116	122	119	119	153	153
776TanzMakambako	173	176	169	169	154	168	165	168	116	117	119	119	157	157
777TanzMakambako	173	176	169	169	NA	NA	168	171	117	117	101	119	123	153
778ZimOdzi	173	173	169	169	162	164	165	174	116	117	NA	NA	162	162
779ZimOdzi	173	173	169	169	162	164	165	174	117	122	NA	NA	162	162
780ZimGweru	167	173	163	163	166	168	171	174	122	122	101	101	175	175
781MozSussunDenga	170	173	169	169	168	174	165	165	116	116	NA	NA	157	157
782MozSussunDenga	167	173	169	169	166	168	174	174	117	126	101	119	167	167
784MalBlantyre	173	173	169	169	164	168	171	171	117	126	119	119	123	123
793KMachakos1	173	173	NA	NA	162	168	171	171	NA	NA	119	119	123	153
794KMachakos1	170	173	169	169	162	168	168	168	122	126	119	119	153	162
795KMachakos1	173	173	163	163	168	168	171	171	NA	NA	119	119	153	153
796KIsiolo	173	173	163	169	162	168	168	175	122	122	101	119	157	157
797KIsiolo	167	173	175	175	168	170	168	171	117	122	119	119	165	167
798KIsiolo	170	173	169	169	168	168	171	171	116	122	119	119	165	167
801KSiaya	173	173	163	169	166	170	171	171	117	122	101	113	157	157
802KSiaya	170	173	163	163	160	166	171	171	117	117	101	119	NA	NA
803KSiaya	NA	NA	169	169	164	166	NA	NA	NA	NA	NA	NA	157	157
1051AfSCarltonville	176	176	NA	NA	168	174	165	168	116	117	NA	NA	162	162
1052AfSCedara	167	173	169	169	156	156	174	174	116	122	101	119	NA	NA
1053AfSCedara	167	173	160	169	156	170	171	174	116	122	NA	NA	165	165
1054AfSPietersburg	167	167	169	169	154	166	165	168	126	126	NA	NA	163	163
1055AfSMutarevillage	173	173	169	169	166	166	165	174	126	126	NA	NA	162	162
1092AfSCarltonville	167	173	169	169	154	160	174	174	116	116	119	119	123	123
1093AfSCedara	167	173	160	169	156	164	171	171	117	122	101	101	162	162
1094AfSCedara	167	173	169	169	156	168	171	174	117	117	101	101	NA	NA
1095AfSPietersburg	173	173	163	169	160	164	NA	NA	126	126	NA	NA	157	157
1096AfSMutarevillage	170	173	169	169	166	166	165	168	NA	NA	119	119	162	162
1097BeTanguieta	170	176	166	169	164	176	171	174	126	126	116	116	163	163
1104BeNikki	176	179	166	166	164	164	174	174	126	126	116	119	163	163
1109BeRBoukounbe	176	176	163	166	164	166	171	171	110	126	116	116	163	163
1110BeNikki	176	176	163	169	164	166	171	174	117	126	116	119	155	163
1111BeTchaourou	176	176	163	163	NA	NA	171	171	117	117	116	116	163	163
1112BeNikki	170	176	163	163	164	164	174	174	117	126	116	116	163	163
1113BeNikki	176	176	163	166	164	164	174	174	117	126	116	116	163	165
1114BeBirni	170	176	163	166	164	164	171	171	110	126	101	116	157	161
1115BeNikki	176	176	163	163	164	166	171	174	117	126	116	119	163	163
1117BeTanguieta	167	176	166	166	164	164	171	171	126	126	116	116	157	163
1118BeTanguieta	176	176	166	166	164	164	174	174	110	126	116	116	157	163
1119BeRBoukounbe	176	176	166	166	164	166	171	174	126	126	116	116	157	157
1120BeRBoukounbe	176	176	166	166	164	164	171	174	NA	NA	116	116	163	163
1132GhaSagyimasse	176	176	166	166	162	164	171	174	117	126	116	116	163	163
1133GhaSagyimasse	170	176	166	166	164	164	171	174	NA	NA	116	116	163	163
1134GhaSagyimasse	176	176	166	166	164	164	171	174	126	126	119	119	155	155
1136GhaSagyimasse	176	176	166	166	162	164	171	174	126	126	116	116	163	163
1142BeAttogon	176	176	163	163	164	164	171	174	126	126	116	116	163	163
1143BeAttogon	176	176	163	163	156	164	171	171	126	126	116	116	155	155
1144BeAttogon	176	176	163	166	164	164	171	174	126	126	116	116	163	165
1145BeAttogon	176	176	166	169	156	164	171	174	126	126	116	116	165	165
1146BeAttogon	167	176	169	169	164	164	171	174	126	126	116	116	157	163
1151BeAttogon	176	176	163	166	156	164	171	174	126	126	116	116	163	163
1152BeAttogon	176	176	163	166	164	164	174	174	126	126	116	116	163	163
1153BeAttogon	176	176	166	169	164	164	171	174	126	126	116	116	157	163
1154GhaAbettifi	176	176	163	166	164	176	171	171	126	126	116	116	163	163
1156BeKetou	170	176	160	166	164	164	171	171	110	126	116	116	163	163
1157BeKetou	170	176	163	166	164	164	171	171	117	126	116	116	157	163
1158BeDjougou	176	176	163	166	156	164	171	174	117	117	116	116	163	163
1159BeDjougou	170	176	163	163	164	164	171	174	110	126	116	116	123	123
1160BeDjougou	176	176	163	163	158	164	174	174	126	126	116	116	157	157
1161BeDjougou	176	176	163	166	162	164	174	174	126	126	116	116	157	157
1162BeDjougou	176	176	163	163	164	164	165	171	117	126	116	119	163	163
1163BeDjougou	176	176	163	166	158	162	174	174	126	126	116	116	157	157
1165BeRBoukounbe	167	176	166	169	164	164	171	174	126	126	116	116	163	163
1167BeRBoukounbe	176	176	163	169	164	166	171	174	126	126	116	116	157	163
1169BeRBoukounbe	176	176	163	166	164	164	171	171	126	126	101	116	163	163
1170BeRBoukounbe	176	176	163	166	164	164	171	174	126	126	116	116	163	163
1171BeRBoukounbe	176	176	163	166	164	164	171	171	126	126	104	119	157	163
1173BeToukountouna	176	176	163	166	164	166	174	174	126	126	116	116	157	163
1174BeToukountouna	176	176	166	166	164	166	174	174	126	126	116	116	157	157
1175BeToukountouna	176	179	163	163	164	164	174	174	126	126	116	116	163	163
1176BeToukountouna	176	179	166	166	164	166	171	174	126	126	116	116	157	163
1177BeToukountouna	NA	NA	163	163	158	164	171	171	126	126	116	116	123	123
1209EryMaiAwalde	NA	NA	169	169	164	164	171	171	126	126	116	119	175	177
1210EryMaiAwalde	176	176	169	169	154	154	171	171	117	126	116	119	123	123
1211EryMaiAwalde	176	176	NA	NA	NA	NA	171	171	NA	NA	119	119	159	162
1212EryMaiAwalde	170	176	169	169	154	160	165	165	NA	NA	119	119	157	157
1213EryMaiAwalde	176	176	163	169	156	180	165	171	NA	NA	101	119	157	157
1214EryMaiAwalde	176	176	169	169	160	164	171	171	126	126	119	119	143	159
1215EryMaiAwalde	176	176	169	169	156	166	NA	NA	110	126	119	119	159	162
1216EryMaiAwalde	176	176	169	169	166	168	171	171	117	126	125	125	143	143
1217EryAdiGuergish	170	170	169	169	158	158	171	171	117	126	101	116	139	157
1218EryMaiAwalde	173	176	169	169	164	178	165	165	NA	NA	125	125	169	169
1219EryMaiAwalde	170	176	169	169	154	154	171	171	117	126	119	119	157	167
1220EryMaiAwalde	176	176	166	169	160	160	171	171	117	126	125	125	162	162
1303BeAttogon	176	176	163	166	164	164	174	174	NA	NA	116	116	163	163
1325EthioEdogojela	176	176	169	169	154	170	172	174	122	126	122	122	121	121
1326EthioAliweyo	NA	NA	163	163	NA	NA	165	165	NA	NA	116	119	151	163
1327EthioAliweyo	170	173	163	163	154	156	165	171	117	126	116	119	162	162
1328EthioElalakorke	167	173	169	169	164	174	171	172	NA	NA	101	119	161	161
1329EthioAdulata	173	176	169	169	160	168	165	165	126	126	122	122	153	163
1330EthioWachucafa	170	170	157	157	162	166	165	171	NA	NA	116	116	155	163
1331EthioAbinea	173	179	163	163	168	168	165	165	117	126	119	119	153	155
1332EthioDereba	173	176	169	169	166	182	171	171	117	126	116	116	123	123
1333EthioKersa	173	176	163	163	154	166	165	165	117	126	101	116	162	165
1334EthioKorikedi	176	176	160	160	154	172	165	171	117	126	101	119	157	167
1335EthioWacho	173	176	169	169	154	168	165	171	117	126	119	119	162	162
1336EthioAliweyo	173	173	163	163	168	168	165	165	117	126	116	116	151	151
1337EthioAliweyo	170	176	169	169	168	168	171	171	NA	NA	101	116	165	185
1338EthioElalakorke	167	173	163	169	NA	NA	171	171	NA	NA	101	119	161	173
1339EthioDereba	173	176	163	163	166	182	171	171	126	126	101	119	NA	NA
1340EthioKersa	176	176	169	169	170	174	165	171	NA	NA	NA	NA	162	167
1341EthioWacho	173	176	169	169	154	168	171	171	126	126	119	119	162	162
1414EthioAliweyo	176	176	163	169	168	168	171	171	NA	NA	116	116	185	185
1415EthioElalakorke	167	176	169	169	160	164	171	172	117	126	101	101	165	173
1416EthioDereba	170	176	163	163	164	164	171	171	117	126	116	116	162	173
1447AfSCarltonville	173	173	169	169	154	156	168	174	117	126	119	119	162	162
1448AfSCedara	167	173	169	169	156	156	165	165	117	126	101	101	NA	NA
1449AfSCedara	167	173	160	169	168	174	171	174	NA	NA	101	101	153	153
1450AfSCedara	173	173	169	169	154	168	171	171	126	126	NA	NA	NA	NA
1451AfSCedara	173	173	169	169	156	168	171	174	NA	NA	119	119	162	162
1669CamBilikBindzik	167	173	169	169	158	170	165	171	116	116	116	119	163	163
1670CamBinshua	173	173	NA	NA	154	166	168	174	117	117	101	119	153	165
1671CamKaiy	173	173	NA	NA	156	164	165	171	126	126	119	119	165	165
1672CamKikaikilaiki	173	176	NA	NA	164	166	171	171	116	117	101	119	123	123
1673CamKitiwum	173	173	NA	NA	164	182	172	172	122	126	NA	NA	162	162
1674CamMah	173	176	163	163	164	166	171	174	116	122	118	118	163	163
1675CamNjavnyuy	173	179	163	163	158	164	165	171	117	117	104	119	163	163
1676CamNkar	173	173	NA	NA	156	158	174	174	116	122	104	119	165	165
1677CamNkolmelen	167	173	169	169	158	170	174	174	117	122	116	119	162	162
1678CamNkometou	173	173	NA	NA	168	168	165	165	117	122	101	119	162	162
1679CamNtongee	167	173	NA	NA	164	170	171	171	122	122	116	119	163	163
1680CamTakui	173	173	NA	NA	158	173	168	171	116	117	101	119	163	163
1681CamTatum	173	176	169	169	158	164	174	174	117	117	101	116	159	159
1682CamTakui	173	173	NA	NA	162	164	165	165	117	117	119	119	162	162
1683CamWainama	173	173	169	169	158	170	168	174	117	122	101	116	165	165
1684CamBali	173	176	NA	NA	NA	NA	168	171	126	126	116	119	165	165
1685CamBali	173	179	NA	NA	158	164	171	174	116	122	119	119	157	162
1686CamBali	173	173	NA	NA	166	170	165	174	122	122	119	119	162	162
1687CamBinshua	173	176	163	163	164	166	171	174	117	117	101	119	163	163
1688CamBinshua	173	173	166	166	164	166	168	174	117	122	119	119	153	153
1689CamBinshua	173	173	166	166	164	166	171	174	117	122	119	119	153	153
1690CamKaiy	173	176	163	163	164	170	174	174	116	117	101	119	163	163
1698CamKitiwum	173	173	169	169	164	168	171	174	116	116	101	119	165	165
1699CamKitiwum	173	176	169	169	164	164	171	174	122	126	119	119	167	167
1700CamKitiwum	170	173	169	169	168	170	174	174	117	122	101	119	163	163
1701CamKitiwum	173	173	163	169	158	170	171	171	117	126	119	119	157	157
1702CamMah	170	173	NA	NA	164	168	165	171	117	122	116	119	123	123
1703CamMah	173	176	NA	NA	164	170	171	174	116	122	101	116	165	165
1704CamMah	173	176	163	163	158	164	165	165	116	122	104	119	153	163
1705CamNjavnyuy	NA	NA	NA	NA	141	141	NA	NA	125	125	NA	NA	140	161
1706CamNjavnyuy	173	176	169	169	158	158	171	171	122	126	104	119	165	165
1707CamNkar	173	173	169	169	164	168	NA	NA	117	122	101	119	153	163
1708CamNtongee	173	176	163	169	168	180	174	174	116	117	119	119	163	167
1709CamTakui	173	173	NA	NA	162	168	165	174	117	122	116	119	162	162
1710CamTatum	173	173	169	169	164	164	174	174	115	116	119	119	157	157
1711CamTatum	173	179	NA	NA	164	164	168	171	122	126	119	119	157	157
1712CamTakui	170	173	163	163	164	168	168	171	117	122	101	119	162	167
1713CamTakui	167	173	160	169	170	174	165	171	116	122	101	119	123	123
1714CamBinshua	173	176	160	160	168	170	174	174	117	122	116	119	162	162
1715CamMah	173	176	166	169	168	170	168	174	117	122	116	119	NA	NA
1716CamNtongee	170	173	NA	NA	164	164	171	174	117	117	NA	NA	163	163
1758CamKitiwum	173	173	NA	NA	164	164	168	171	116	122	101	119	123	123
1759CamNkometouIII	173	173	169	169	164	166	171	171	117	122	NA	NA	157	165
1760CamNtongee	173	173	169	169	156	168	168	171	116	122	119	119	123	165
1761CamTakui	173	173	NA	NA	158	166	165	174	117	117	101	119	162	162
1762CamTakui	173	176	NA	NA	164	170	168	174	122	122	119	119	162	162
1763CamKaiy	173	173	163	163	158	164	171	174	116	117	104	119	153	162
1764CamKaiy	173	173	169	169	166	176	171	174	116	117	119	119	162	165
1765CamMah	173	173	163	163	166	166	165	171	122	122	104	119	163	163
1766CamKikaikilaiki	173	176	NA	NA	164	166	171	174	116	116	101	101	NA	NA
1767CamKikaikilaiki	173	173	NA	NA	158	166	165	174	116	117	101	119	162	162
1768CamMah	173	173	NA	NA	158	168	171	174	117	117	104	119	157	161
1769CamMah	173	176	163	169	166	170	165	168	116	122	116	119	123	123
1770CamKaiy	173	176	163	169	164	170	174	174	116	126	119	119	162	165
1771CamKaiy	173	173	163	163	164	180	165	168	117	117	119	119	123	123
1772CamKaiy	173	176	163	169	164	166	168	174	117	117	101	119	153	153
1773CamTatum	173	173	169	169	164	168	171	174	116	122	119	119	162	162
1774CamKikaikilaiki	173	173	NA	NA	158	170	168	171	122	122	101	119	123	123
1775CamKikaikilaiki	173	176	NA	NA	164	166	171	174	116	126	101	119	165	165
1776CamKaiy	173	176	163	163	158	158	171	174	116	122	119	119	153	159
1777CamKaiy	173	173	163	163	156	168	165	171	116	117	116	119	153	162
1778CamNtongee	173	173	169	169	166	176	168	168	117	117	119	119	162	162
1779CamKitiwum	173	176	NA	NA	164	174	165	172	116	117	116	119	167	167
1780CamKikaikilaiki	173	173	163	163	164	176	168	168	116	122	101	119	153	157
1781CamKikaikilaiki	173	173	166	166	164	170	165	172	122	126	119	119	157	167
1782CamKikaikilaiki	173	173	163	163	168	172	168	168	117	117	116	119	153	162
1783CamKikaikilaiki	170	173	NA	NA	162	168	171	174	122	122	116	119	123	153
1784CamKikaikilaiki	173	176	NA	NA	166	168	171	171	117	122	119	119	153	153
1785CamKikaikilaiki	173	176	166	166	166	166	174	174	117	117	116	119	153	163
1786CamNkometou	173	173	160	163	174	176	168	171	117	122	119	119	153	157
1803KKakamega	173	173	NA	NA	NA	NA	168	171	NA	NA	NA	NA	157	157
1816CamKaiy	173	173	NA	NA	158	164	168	171	117	117	116	119	162	162
1817CamTakui	173	173	166	166	164	174	171	174	122	122	119	119	157	157
1818CamTakui	173	173	169	169	164	168	168	174	122	122	119	119	162	162
1819CamMah	173	176	169	169	158	164	171	171	117	120	NA	NA	165	165
1820CamMah	173	176	169	169	164	166	165	174	116	122	116	119	153	153
1821CamKikaikilaiki	173	176	166	166	168	174	174	174	116	117	119	119	162	162
1822CamKikaikilaiki	173	176	169	169	164	168	168	174	117	126	119	119	162	162
1823CamNkometouIII	173	173	169	169	158	174	165	174	117	122	119	119	165	167
1824CamKitiwum	173	173	160	169	170	170	165	171	117	122	119	119	157	165
1825CamKitiwum	173	173	163	163	164	170	171	174	117	117	119	119	153	157
1826CamKitiwum	167	173	169	169	158	168	165	174	116	122	119	119	163	163
1827CamKaiy	173	176	NA	NA	164	168	168	174	117	122	101	119	165	165
1828CamKaiy	173	173	NA	NA	158	158	171	174	116	122	119	119	153	167
1829CamBinshua	173	176	160	163	168	168	171	171	117	122	116	119	153	163
1830CamKitiwum	173	173	166	166	162	168	168	168	117	126	101	119	162	162
1831CamKitiwum	173	176	NA	NA	164	166	164	168	116	122	101	119	163	163
1832CamBinshua	173	173	166	169	164	164	171	174	117	122	119	119	157	157
1833CamKaiy	176	176	163	169	166	166	174	174	115	116	101	119	123	123
1834CamKaiy	173	176	169	169	156	164	165	168	116	126	NA	NA	162	162
1835CamKikaikilaiki	173	176	169	169	170	174	168	174	117	117	119	119	123	123
1836CamKikaikilaiki	173	173	NA	NA	164	170	171	174	117	122	116	119	162	162
1837CamTatum	167	173	163	163	164	170	171	174	116	122	104	119	123	123
1838CamTatum	173	173	169	169	166	174	171	174	116	122	104	119	167	167
1839CamKitiwum	173	176	163	163	164	164	171	174	122	126	104	119	163	163
1840CamKitiwum	173	176	NA	NA	164	164	171	174	117	122	119	119	167	167
1841CamMah	167	173	163	163	166	170	165	171	117	122	101	119	165	165
